cfric1: 0.0
cfric2: 0.0
com1: 0.2
com2: 0.3212669909674605
damping1: 0.001
damping2: 0.001
dt: 0.005
goal1: 3.141592653589793
goal2: 0.0
goal3: 0.0
goal4: 0.0
gravity: 9.81
inertia1: 0.02671076499939512
inertia2: 0.053878129629650884
length1: 0.2
length2: 0.3
mass1: 0.6416937799349799
mass2: 0.563935954099688
max_t: 9.99500000000016
num_break: 40
torque_limit1: 0.0
torque_limit2: 5.0
