N: 200
N_init: 1000
break_cost_redu: 1.0e-06
com1: 0.3
com2: 0.18377686083653508
damping1: 0.0
damping2: 0.0
dt: 0.005
fCen: 0.0
fCp1: 10.0
fCp2: 10.0
fCv1: 0.5
fCv2: 0.5
goal_pos1: 3.141592653589793
goal_pos2: 0.0
goal_vel1: 0.0
goal_vel2: 0.0
gravity: 9.81
inertia1: 0.053470810264216295
inertia2: 0.02392374528789766
integrator_int: 1
length1: 0.3
length2: 0.2
mass1: 0.5593806151425046
mass2: 0.6043459469186889
max_iter: 2
max_regu: 10000.0
min_regu: 0.0001
regu_init: 1.0
sCen: 0.0
sCp1: 0.0
sCp2: 0.0
sCu1: 0.0001
sCu2: 0.0001
sCv1: 0.0
sCv2: 0.0
start_pos1: 0.0
start_pos2: 0.0
start_vel1: 0.0
start_vel2: 0.0
torque_limit1: 5.0
torque_limit2: 0.0
trajectory_stabilization: false
